Map from character to field name
A:	
B:	AL
C:	AR
D:	CO
E:	CT
F:	DC
G:	DE
H:	GA
I:	IA
J:	ID
K:	IL
L:	KS
M:	KY
N:	LA
O:	MA
P:	MD
Q:	MI
R:	MS
S:	MT
T:	NC
U:	ND
V:	NE
W:	NJ
X:	OH
Y:	OK
Z:	OR
[:	PA
\:	RI
]:	SC
^:	SD
_:	TN
`:	TX
a:	VA
b:	VT
c:	WA
d:	WI
e:	WV
f:	WY
g:	?


Substitution rate (mu): 163.612973

Equilibrium frequencies (pi_i):
  A: 0.0348
  B: 0.0257
  C: 0.0264
  D: 0.0273
  E: 0.0227
  F: 0.0262
  G: 0.0265
  H: 0.0266
  I: 0.0262
  J: 0.0254
  K: 0.0264
  L: 0.0263
  M: 0.0271
  N: 0.0261
  O: 0.0269
  P: 0.0263
  Q: 0.0269
  R: 0.0262
  S: 0.026
  T: 0.0267
  U: 0.0262
  V: 0.0259
  W: 0.026
  X: 0.0262
  Y: 0.0263
  Z: 0.0265
  [: 0.0253
  \: 0.0259
  ]: 0.0263
  ^: 0.0259
  _: 0.0263
  `: 0.0261
  a: 0.024
  b: 0.0265
  c: 0.0266
  d: 0.0258
  e: 0.0265
  f: 0.0253

Symmetrized rates from j->i (W_ij):
	A	B	C	D	E	F	G	H	I	J	K	L	M	N	O	P	Q	R	S	T	U	V	W	X	Y	Z	[	\	]	^	_	`	a	b	c	d	e	f
  A	0	0.9787	0.9786	0.9785	1.4673	0.9786	0.9786	0.9786	0.9794	1.1374	0.9786	0.9786	0.9785	0.9785	0.9791	0.9787	0.9785	0.9786	0.9788	0.9785	0.9786	0.9787	0.9786	0.9788	0.9786	0.9786	1.2454	0.9787	0.9789	0.9786	0.9787	0.9786	1.4663	0.9786	0.9786	0.9787	0.9786	1.1361
  B	0.9787	0	0.9811	0.9811	1.4709	0.9811	0.9811	0.9811	0.9811	0.9811	0.9811	0.9811	0.9811	0.9811	0.9811	0.9811	0.9811	0.9811	0.9811	0.9811	0.9811	0.9811	0.9811	0.9811	0.9811	0.9811	0.981	0.9811	0.9811	0.9811	0.9811	0.9811	0.9808	0.9811	0.9811	0.9811	0.9811	0.9811
  C	0.9786	0.9811	0	1.2524	1.0714	0.9811	0.9811	0.9811	0.9811	0.9811	0.9811	0.9811	0.9811	1.0538	1.0183	0.9811	1.0116	0.9811	0.9811	1.2287	1.0109	0.9811	0.9811	0.9811	0.9811	1.0109	0.9809	1.0184	0.9811	0.9811	0.9811	0.9811	0.9808	1.0109	0.9811	0.9811	0.9811	0.9811
  D	0.9785	0.9811	1.2524	0	1.4812	0.9811	0.9811	1.1781	0.9811	1.0974	0.9811	0.9811	1.241	1.4142	1.1854	0.9811	1.3897	0.9811	0.9811	1.241	1.0134	1.2391	0.9811	0.9811	0.9811	1.0134	0.9809	1.0225	1.0307	0.981	0.9811	1.0662	1.0659	1.0134	0.9811	0.9811	0.9811	0.981
  E	1.4673	1.4709	1.0714	1.4812	0	1.1949	1.0353	1.2004	0.9806	1.322	0.9806	1.1643	1.5656	1.5793	1.1965	1.1912	1.7351	1.8099	1.3331	1.8934	1.516	1.6491	1.6833	0.9806	1.1643	1.0258	0.9805	1.6868	1.5877	1.4708	1.1912	1.3895	1.307	1.0258	1.3073	2.1651	1.0353	1.244
  F	0.9786	0.9811	0.9811	0.9811	1.1949	0	0.9811	0.9811	0.9811	0.9811	0.9811	0.9812	0.9811	0.9811	0.9811	0.9811	0.9811	1.0756	0.9811	1.3557	0.9811	0.9811	1.0738	0.9811	0.9812	0.9811	0.981	0.9811	0.9811	0.9811	0.9811	0.9811	0.9808	0.9811	0.9811	0.9811	0.9811	0.9811
  G	0.9786	0.9811	0.9811	0.9811	1.0353	0.9811	0	0.9811	0.9811	0.9811	0.9811	0.9812	0.9811	0.9811	0.9811	0.9811	0.9811	1.126	0.9811	1.126	0.9811	0.9811	0.9811	0.9811	0.9812	0.9811	0.9809	0.9811	0.9811	0.9811	0.9811	0.9811	1.0265	0.9811	0.9811	0.9811	1.3403	1.0256
  H	0.9786	0.9811	0.9811	1.1781	1.2004	0.9811	0.9811	0	0.9811	1.0425	0.9811	0.9811	1.1831	0.981	0.9811	0.9811	1.0306	0.9811	0.9811	0.9811	0.9811	1.1266	0.9811	0.9811	0.9811	0.9811	0.9809	0.9811	1.3604	0.981	0.9811	1.1713	1.1709	0.9811	0.9811	0.9811	0.9811	0.9811
  I	0.9794	0.9811	0.9811	0.9811	0.9806	0.9811	0.9811	0.9811	0	0.9811	0.9811	0.9811	0.9811	0.981	0.9816	0.9811	0.9811	0.9811	0.9811	0.9811	0.9811	0.9811	0.9811	0.9813	0.9811	0.9811	0.9816	0.9811	0.9813	0.981	0.9811	0.9811	1.4703	0.9811	0.9811	0.9811	0.9811	0.9811
  J	1.1374	0.9811	0.9811	1.0974	1.322	0.9811	0.9811	1.0425	0.9811	0	0.9811	0.9811	0.981	0.981	0.981	0.9811	0.9811	0.9811	0.9811	0.981	0.9811	1.0958	0.9811	0.9811	0.9811	0.9811	1.2045	0.9811	0.981	0.981	0.9811	1.0157	1.0154	0.9811	0.9811	0.9811	0.9811	1.4191
  K	0.9786	0.9811	0.9811	0.9811	0.9806	0.9811	0.9811	0.9811	0.9811	0.9811	0	0.9811	1.3648	0.9811	0.9811	0.9811	0.9811	0.9811	0.9811	0.9811	0.9811	0.9811	0.9811	0.9811	0.9811	0.9811	1.2793	0.9811	0.9811	0.9811	0.9811	0.9811	0.981	0.9811	0.9811	0.9811	0.9811	0.9811
  L	0.9786	0.9811	0.9811	0.9811	1.1643	0.9812	0.9812	0.9811	0.9811	0.9811	0.9811	0	0.9811	0.9811	0.9811	0.9812	0.9811	0.9811	0.9811	0.9811	0.9811	0.9811	0.9811	0.9811	1.349	0.9811	0.9809	0.9812	0.9811	0.9811	0.9812	0.9811	0.9808	0.9811	0.9811	1.165	0.9812	0.9811
  M	0.9785	0.9811	0.9811	1.241	1.5656	0.9811	0.9811	1.1831	0.9811	0.981	1.3648	0.9811	0	1.1983	1.3355	0.9811	1.0808	0.9811	0.9811	0.9811	0.9811	0.9811	0.9811	0.9811	0.9811	0.9811	1.2793	0.9811	1.1831	0.981	0.9811	1.2519	0.9809	0.9811	0.9811	0.9811	0.9811	0.9811
  N	0.9785	0.9811	1.0538	1.4142	1.5793	0.9811	0.9811	0.981	0.981	0.981	0.9811	0.9811	1.1983	0	1.2471	0.9811	1.6413	0.981	0.9811	1.0494	1.1495	0.9811	0.981	0.981	0.9811	1.1495	0.9809	1.0263	0.981	0.981	0.9811	0.981	0.9807	1.1495	0.981	0.981	0.9811	0.981
  O	0.9791	0.9811	1.0183	1.1854	1.1965	0.9811	0.9811	0.9811	0.9816	0.981	0.9811	0.9811	1.3355	1.2471	0	0.9811	1.0001	0.9811	0.9811	1.0159	0.9992	0.9811	0.9811	0.9814	0.9811	0.9992	0.982	1.3561	0.9814	0.981	0.9811	0.9811	1.4696	0.9992	0.9811	0.9811	0.9811	0.981
  P	0.9787	0.9811	0.9811	0.9811	1.1912	0.9811	0.9811	0.9811	0.9811	0.9811	0.9811	0.9812	0.9811	0.9811	0.9811	0	0.9811	0.9811	1.1407	0.9811	0.9811	0.9811	0.9811	0.9811	0.9812	0.9811	0.981	0.9811	0.9811	0.9811	1.3588	0.9811	0.9808	0.9811	0.9811	0.9811	0.9811	0.9811
  Q	0.9785	0.9811	1.0116	1.3897	1.7351	0.9811	0.9811	1.0306	0.9811	0.9811	0.9811	0.9811	1.0808	1.6413	1.0001	0.9811	0	0.9811	0.9811	1.0096	1.3459	0.9825	0.9811	0.9811	0.9811	1.0569	0.9809	1.0001	1.0306	0.981	0.9811	0.9811	0.9808	1.0569	0.9811	0.9811	0.9811	0.9811
  R	0.9786	0.9811	0.9811	0.9811	1.8099	1.0756	1.126	0.9811	0.9811	0.9811	0.9811	0.9811	0.9811	0.981	0.9811	0.9811	0.9811	0	0.9811	1.3655	0.9811	0.9811	1.3355	0.9811	0.9811	0.9811	0.9809	0.9811	0.9811	0.981	0.9811	0.9811	1.0858	0.9811	0.9811	0.9811	1.126	1.0838
  S	0.9788	0.9811	0.9811	0.9811	1.3331	0.9811	0.9811	0.9811	0.9811	0.9811	0.9811	0.9811	0.9811	0.9811	0.9811	1.1407	0.9811	0.9811	0	0.9811	0.9811	0.9811	0.9811	0.9811	0.9811	0.9811	0.981	0.9811	0.9811	0.9811	1.1407	0.9811	0.9808	0.9811	0.9811	0.9811	0.9811	0.9811
  T	0.9785	0.9811	1.2287	1.241	1.8934	1.3557	1.126	0.9811	0.9811	0.981	0.9811	0.9811	0.9811	1.0494	1.0159	0.9811	1.0096	1.3655	0.9811	0	1.009	0.9811	1.0738	0.9811	0.9811	1.009	0.9809	1.0159	0.9811	0.981	0.9811	0.9811	1.0858	1.009	0.9811	0.9812	1.126	1.0837
  U	0.9786	0.9811	1.0109	1.0134	1.516	0.9811	0.9811	0.9811	0.9811	0.9811	0.9811	0.9811	0.9811	1.1495	0.9992	0.9811	1.3459	0.9811	0.9811	1.009	0	0.9811	0.9812	0.9811	0.9811	1.056	0.9809	0.9992	0.9811	0.981	0.9811	0.9811	0.9808	1.056	0.9811	0.9813	0.9811	0.9811
  V	0.9787	0.9811	0.9811	1.2391	1.6491	0.9811	0.9811	1.1266	0.9811	1.0958	0.9811	0.9811	0.9811	0.9811	0.9811	0.9811	0.9825	0.9811	0.9811	0.9811	0.9811	0	0.9811	0.9811	0.9811	0.9811	0.9809	0.9811	0.9811	0.981	0.9811	1.0651	1.0648	0.9811	0.9811	0.9811	0.9811	0.9811
  W	0.9786	0.9811	0.9811	0.9811	1.6833	1.0738	0.9811	0.9811	0.9811	0.9811	0.9811	0.9811	0.9811	0.981	0.9811	0.9811	0.9811	1.3355	0.9811	1.0738	0.9812	0.9811	0	0.9811	0.9811	0.9811	0.9809	0.9811	0.9811	0.981	0.9811	0.9811	0.9808	0.9811	0.9811	0.9812	0.9811	0.9811
  X	0.9788	0.9811	0.9811	0.9811	0.9806	0.9811	0.9811	0.9811	0.9813	0.9811	0.9811	0.9811	0.9811	0.981	0.9814	0.9811	0.9811	0.9811	0.9811	0.9811	0.9811	0.9811	0.9811	0	0.9811	0.9811	0.9821	0.9811	0.9815	0.981	0.9811	0.9811	1.4701	0.9811	0.9811	0.9811	0.9811	0.9811
  Y	0.9786	0.9811	0.9811	0.9811	1.1643	0.9812	0.9812	0.9811	0.9811	0.9811	0.9811	1.349	0.9811	0.9811	0.9811	0.9812	0.9811	0.9811	0.9811	0.9811	0.9811	0.9811	0.9811	0.9811	0	0.9811	0.9809	0.9812	0.9811	0.9811	0.9812	0.9811	0.9808	0.9811	0.9811	1.165	0.9811	0.9811
  Z	0.9786	0.9811	1.0109	1.0134	1.0258	0.9811	0.9811	0.9811	0.9811	0.9811	0.9811	0.9811	0.9811	1.1495	0.9992	0.9811	1.0569	0.9811	0.9811	1.009	1.056	0.9811	0.9811	0.9811	0.9811	0	0.9809	0.9992	0.9811	0.9811	0.9811	0.9811	0.9808	1.3455	0.9811	0.9811	0.9811	0.9811
  [	1.2454	0.981	0.9809	0.9809	0.9805	0.981	0.9809	0.9809	0.9816	1.2045	1.2793	0.9809	1.2793	0.9809	0.982	0.981	0.9809	0.9809	0.981	0.9809	0.9809	0.9809	0.9809	0.9821	0.9809	0.9809	0	0.9809	0.9824	0.9809	0.9809	0.9809	1.4706	0.9809	0.9809	0.9809	0.9809	1.2028
  \	0.9787	0.9811	1.0184	1.0225	1.6868	0.9811	0.9811	0.9811	0.9811	0.9811	0.9811	0.9812	0.9811	1.0263	1.3561	0.9811	1.0001	0.9811	0.9811	1.0159	0.9992	0.9811	0.9811	0.9811	0.9812	0.9992	0.9809	0	0.9811	0.9811	0.9811	0.9811	0.9808	0.9992	0.9811	0.9812	0.9811	0.9811
  ]	0.9789	0.9811	0.9811	1.0307	1.5877	0.9811	0.9811	1.3604	0.9813	0.981	0.9811	0.9811	1.1831	0.981	0.9814	0.9811	1.0306	0.9811	0.9811	0.9811	0.9811	0.9811	0.9811	0.9815	0.9811	0.9811	0.9824	0.9811	0	0.981	0.9811	0.9811	1.4695	0.9811	0.9811	0.9811	0.9811	0.981
  ^	0.9786	0.9811	0.9811	0.981	1.4708	0.9811	0.9811	0.981	0.981	0.981	0.9811	0.9811	0.981	0.981	0.981	0.9811	0.981	0.981	0.9811	0.981	0.981	0.981	0.981	0.981	0.9811	0.9811	0.9809	0.9811	0.981	0	0.9811	0.981	0.9808	0.9811	1.4715	0.981	0.9811	0.981
  _	0.9787	0.9811	0.9811	0.9811	1.1912	0.9811	0.9811	0.9811	0.9811	0.9811	0.9811	0.9812	0.9811	0.9811	0.9811	1.3588	0.9811	0.9811	1.1407	0.9811	0.9811	0.9811	0.9811	0.9811	0.9812	0.9811	0.9809	0.9811	0.9811	0.9811	0	0.9811	0.9808	0.9811	0.9811	0.9811	0.9811	0.9811
  `	0.9786	0.9811	0.9811	1.0662	1.3895	0.9811	0.9811	1.1713	0.9811	1.0157	0.9811	0.9811	1.2519	0.981	0.9811	0.9811	0.9811	0.9811	0.9811	0.9811	0.9811	1.0651	0.9811	0.9811	0.9811	0.9811	0.9809	0.9811	0.9811	0.981	0.9811	0	1.3634	0.9811	0.9811	0.9811	0.9811	0.9811
  a	1.4663	0.9808	0.9808	1.0659	1.307	0.9808	1.0265	1.1709	1.4703	1.0154	0.981	0.9808	0.9809	0.9807	1.4696	0.9808	0.9808	1.0858	0.9808	1.0858	0.9808	1.0648	0.9808	1.4701	0.9808	0.9808	1.4706	0.9808	1.4695	0.9808	0.9808	1.3634	0	0.9808	0.9808	0.9808	1.0265	1.2111
  b	0.9786	0.9811	1.0109	1.0134	1.0258	0.9811	0.9811	0.9811	0.9811	0.9811	0.9811	0.9811	0.9811	1.1495	0.9992	0.9811	1.0569	0.9811	0.9811	1.009	1.056	0.9811	0.9811	0.9811	0.9811	1.3455	0.9809	0.9992	0.9811	0.9811	0.9811	0.9811	0.9808	0	0.9811	0.9811	0.9811	0.9811
  c	0.9786	0.9811	0.9811	0.9811	1.3073	0.9811	0.9811	0.9811	0.9811	0.9811	0.9811	0.9811	0.9811	0.981	0.9811	0.9811	0.9811	0.9811	0.9811	0.9811	0.9811	0.9811	0.9811	0.9811	0.9811	0.9811	0.9809	0.9811	0.9811	1.4715	0.9811	0.9811	0.9808	0.9811	0	1.308	0.9811	0.9811
  d	0.9787	0.9811	0.9811	0.9811	2.1651	0.9811	0.9811	0.9811	0.9811	0.9811	0.9811	1.165	0.9811	0.981	0.9811	0.9811	0.9811	0.9811	0.9811	0.9812	0.9813	0.9811	0.9812	0.9811	1.165	0.9811	0.9809	0.9812	0.9811	0.981	0.9811	0.9811	0.9808	0.9811	1.308	0	0.9811	0.9811
  e	0.9786	0.9811	0.9811	0.9811	1.0353	0.9811	1.3403	0.9811	0.9811	0.9811	0.9811	0.9812	0.9811	0.9811	0.9811	0.9811	0.9811	1.126	0.9811	1.126	0.9811	0.9811	0.9811	0.9811	0.9811	0.9811	0.9809	0.9811	0.9811	0.9811	0.9811	0.9811	1.0265	0.9811	0.9811	0.9811	0	1.0256
  f	1.1361	0.9811	0.9811	0.981	1.244	0.9811	1.0256	0.9811	0.9811	1.4191	0.9811	0.9811	0.9811	0.981	0.981	0.9811	0.9811	1.0838	0.9811	1.0837	0.9811	0.9811	0.9811	0.9811	0.9811	0.9811	1.2028	0.9811	0.981	0.981	0.9811	0.9811	1.2111	0.9811	0.9811	0.9811	1.0256	0

Actual rates from j->i (Q_ij):
	A	B	C	D	E	F	G	H	I	J	K	L	M	N	O	P	Q	R	S	T	U	V	W	X	Y	Z	[	\	]	^	_	`	a	b	c	d	e	f
  A	0	0.0341	0.0341	0.0341	0.0511	0.0341	0.0341	0.0341	0.0341	0.0396	0.0341	0.0341	0.0341	0.0341	0.0341	0.0341	0.0341	0.0341	0.0341	0.0341	0.0341	0.0341	0.0341	0.0341	0.0341	0.0341	0.0434	0.0341	0.0341	0.0341	0.0341	0.0341	0.0511	0.0341	0.0341	0.0341	0.0341	0.0396
  B	0.0252	0	0.0252	0.0252	0.0378	0.0252	0.0252	0.0252	0.0252	0.0252	0.0252	0.0252	0.0252	0.0252	0.0252	0.0252	0.0252	0.0252	0.0252	0.0252	0.0252	0.0252	0.0252	0.0252	0.0252	0.0252	0.0252	0.0252	0.0252	0.0252	0.0252	0.0252	0.0252	0.0252	0.0252	0.0252	0.0252	0.0252
  C	0.0258	0.0259	0	0.033	0.0282	0.0259	0.0259	0.0259	0.0259	0.0259	0.0259	0.0259	0.0259	0.0278	0.0268	0.0259	0.0267	0.0259	0.0259	0.0324	0.0266	0.0259	0.0259	0.0259	0.0259	0.0266	0.0259	0.0268	0.0259	0.0259	0.0259	0.0259	0.0259	0.0266	0.0259	0.0259	0.0259	0.0259
  D	0.0267	0.0268	0.0342	0	0.0405	0.0268	0.0268	0.0322	0.0268	0.03	0.0268	0.0268	0.0339	0.0386	0.0324	0.0268	0.038	0.0268	0.0268	0.0339	0.0277	0.0338	0.0268	0.0268	0.0268	0.0277	0.0268	0.0279	0.0281	0.0268	0.0268	0.0291	0.0291	0.0277	0.0268	0.0268	0.0268	0.0268
  E	0.0333	0.0333	0.0243	0.0336	0	0.0271	0.0235	0.0272	0.0222	0.03	0.0222	0.0264	0.0355	0.0358	0.0271	0.027	0.0393	0.041	0.0302	0.0429	0.0344	0.0374	0.0382	0.0222	0.0264	0.0233	0.0222	0.0382	0.036	0.0333	0.027	0.0315	0.0296	0.0233	0.0296	0.0491	0.0235	0.0282
  F	0.0256	0.0257	0.0257	0.0257	0.0313	0	0.0257	0.0257	0.0257	0.0257	0.0257	0.0257	0.0257	0.0257	0.0257	0.0257	0.0257	0.0281	0.0257	0.0355	0.0257	0.0257	0.0281	0.0257	0.0257	0.0257	0.0257	0.0257	0.0257	0.0257	0.0257	0.0257	0.0257	0.0257	0.0257	0.0257	0.0257	0.0257
  G	0.0259	0.026	0.026	0.026	0.0274	0.026	0	0.026	0.026	0.0259	0.026	0.026	0.026	0.0259	0.026	0.026	0.026	0.0298	0.026	0.0298	0.026	0.026	0.026	0.026	0.026	0.026	0.0259	0.026	0.026	0.0259	0.026	0.026	0.0272	0.026	0.026	0.026	0.0355	0.0271
  H	0.026	0.0261	0.0261	0.0313	0.0319	0.0261	0.0261	0	0.0261	0.0277	0.0261	0.0261	0.0314	0.0261	0.0261	0.0261	0.0274	0.0261	0.0261	0.0261	0.0261	0.0299	0.0261	0.0261	0.0261	0.0261	0.0261	0.0261	0.0362	0.0261	0.0261	0.0311	0.0311	0.0261	0.0261	0.0261	0.0261	0.0261
  I	0.0256	0.0257	0.0257	0.0257	0.0257	0.0257	0.0257	0.0257	0	0.0257	0.0257	0.0257	0.0257	0.0257	0.0257	0.0257	0.0257	0.0257	0.0257	0.0257	0.0257	0.0257	0.0257	0.0257	0.0257	0.0257	0.0257	0.0257	0.0257	0.0257	0.0257	0.0257	0.0385	0.0257	0.0257	0.0257	0.0257	0.0257
  J	0.0288	0.0249	0.0249	0.0278	0.0335	0.0249	0.0249	0.0264	0.0249	0	0.0249	0.0249	0.0249	0.0249	0.0249	0.0249	0.0249	0.0249	0.0249	0.0249	0.0249	0.0278	0.0249	0.0249	0.0249	0.0249	0.0306	0.0249	0.0249	0.0249	0.0249	0.0258	0.0258	0.0249	0.0249	0.0249	0.0249	0.036
  K	0.0258	0.0259	0.0259	0.0259	0.0258	0.0259	0.0259	0.0259	0.0259	0.0259	0	0.0259	0.036	0.0259	0.0259	0.0259	0.0259	0.0259	0.0259	0.0259	0.0259	0.0259	0.0259	0.0259	0.0259	0.0259	0.0337	0.0259	0.0259	0.0259	0.0259	0.0259	0.0259	0.0259	0.0259	0.0259	0.0259	0.0259
  L	0.0257	0.0258	0.0258	0.0258	0.0306	0.0258	0.0258	0.0258	0.0258	0.0258	0.0258	0	0.0258	0.0258	0.0258	0.0258	0.0258	0.0258	0.0258	0.0258	0.0258	0.0258	0.0258	0.0258	0.0355	0.0258	0.0258	0.0258	0.0258	0.0258	0.0258	0.0258	0.0258	0.0258	0.0258	0.0306	0.0258	0.0258
  M	0.0266	0.0266	0.0266	0.0337	0.0425	0.0266	0.0266	0.0321	0.0266	0.0266	0.0371	0.0266	0	0.0325	0.0363	0.0266	0.0293	0.0266	0.0266	0.0266	0.0266	0.0266	0.0266	0.0266	0.0266	0.0266	0.0347	0.0266	0.0321	0.0266	0.0266	0.034	0.0266	0.0266	0.0266	0.0266	0.0266	0.0266
  N	0.0256	0.0256	0.0275	0.0369	0.0413	0.0256	0.0256	0.0256	0.0256	0.0256	0.0256	0.0256	0.0313	0	0.0326	0.0256	0.0429	0.0256	0.0256	0.0274	0.03	0.0256	0.0256	0.0256	0.0256	0.03	0.0256	0.0268	0.0256	0.0256	0.0256	0.0256	0.0256	0.03	0.0256	0.0256	0.0256	0.0256
  O	0.0264	0.0264	0.0274	0.0319	0.0322	0.0264	0.0264	0.0264	0.0264	0.0264	0.0264	0.0264	0.036	0.0336	0	0.0264	0.0269	0.0264	0.0264	0.0274	0.0269	0.0264	0.0264	0.0264	0.0264	0.0269	0.0265	0.0365	0.0264	0.0264	0.0264	0.0264	0.0396	0.0269	0.0264	0.0264	0.0264	0.0264
  P	0.0257	0.0258	0.0258	0.0258	0.0313	0.0258	0.0258	0.0258	0.0258	0.0258	0.0258	0.0258	0.0258	0.0258	0.0258	0	0.0258	0.0258	0.0299	0.0258	0.0258	0.0258	0.0258	0.0258	0.0258	0.0258	0.0258	0.0258	0.0258	0.0258	0.0357	0.0258	0.0257	0.0258	0.0258	0.0258	0.0258	0.0258
  Q	0.0263	0.0264	0.0272	0.0374	0.0467	0.0264	0.0264	0.0277	0.0264	0.0264	0.0264	0.0264	0.0291	0.0442	0.0269	0.0264	0	0.0264	0.0264	0.0272	0.0362	0.0264	0.0264	0.0264	0.0264	0.0284	0.0264	0.0269	0.0277	0.0264	0.0264	0.0264	0.0264	0.0284	0.0264	0.0264	0.0264	0.0264
  R	0.0257	0.0257	0.0257	0.0257	0.0475	0.0282	0.0295	0.0257	0.0257	0.0257	0.0257	0.0257	0.0257	0.0257	0.0257	0.0257	0.0257	0	0.0257	0.0358	0.0257	0.0257	0.035	0.0257	0.0257	0.0257	0.0257	0.0257	0.0257	0.0257	0.0257	0.0257	0.0285	0.0257	0.0257	0.0257	0.0295	0.0284
  S	0.0254	0.0255	0.0255	0.0255	0.0346	0.0255	0.0255	0.0255	0.0255	0.0255	0.0255	0.0255	0.0255	0.0255	0.0255	0.0296	0.0255	0.0255	0	0.0255	0.0255	0.0255	0.0255	0.0255	0.0255	0.0255	0.0255	0.0255	0.0255	0.0255	0.0296	0.0255	0.0255	0.0255	0.0255	0.0255	0.0255	0.0255
  T	0.0261	0.0262	0.0328	0.0331	0.0506	0.0362	0.0301	0.0262	0.0262	0.0262	0.0262	0.0262	0.0262	0.028	0.0271	0.0262	0.027	0.0365	0.0262	0	0.0269	0.0262	0.0287	0.0262	0.0262	0.0269	0.0262	0.0271	0.0262	0.0262	0.0262	0.0262	0.029	0.0269	0.0262	0.0262	0.0301	0.0289
  U	0.0256	0.0257	0.0265	0.0266	0.0397	0.0257	0.0257	0.0257	0.0257	0.0257	0.0257	0.0257	0.0257	0.0301	0.0262	0.0257	0.0353	0.0257	0.0257	0.0264	0	0.0257	0.0257	0.0257	0.0257	0.0277	0.0257	0.0262	0.0257	0.0257	0.0257	0.0257	0.0257	0.0277	0.0257	0.0257	0.0257	0.0257
  V	0.0253	0.0254	0.0254	0.0321	0.0427	0.0254	0.0254	0.0292	0.0254	0.0284	0.0254	0.0254	0.0254	0.0254	0.0254	0.0254	0.0254	0.0254	0.0254	0.0254	0.0254	0	0.0254	0.0254	0.0254	0.0254	0.0254	0.0254	0.0254	0.0254	0.0254	0.0276	0.0276	0.0254	0.0254	0.0254	0.0254	0.0254
  W	0.0255	0.0255	0.0255	0.0255	0.0438	0.028	0.0255	0.0255	0.0255	0.0255	0.0255	0.0255	0.0255	0.0255	0.0255	0.0255	0.0255	0.0348	0.0255	0.028	0.0255	0.0255	0	0.0255	0.0255	0.0255	0.0255	0.0255	0.0255	0.0255	0.0255	0.0255	0.0255	0.0255	0.0255	0.0255	0.0255	0.0255
  X	0.0256	0.0257	0.0257	0.0257	0.0257	0.0257	0.0257	0.0257	0.0257	0.0257	0.0257	0.0257	0.0257	0.0257	0.0257	0.0257	0.0257	0.0257	0.0257	0.0257	0.0257	0.0257	0.0257	0	0.0257	0.0257	0.0257	0.0257	0.0257	0.0257	0.0257	0.0257	0.0385	0.0257	0.0257	0.0257	0.0257	0.0257
  Y	0.0257	0.0258	0.0258	0.0258	0.0306	0.0258	0.0258	0.0258	0.0258	0.0258	0.0258	0.0355	0.0258	0.0258	0.0258	0.0258	0.0258	0.0258	0.0258	0.0258	0.0258	0.0258	0.0258	0.0258	0	0.0258	0.0258	0.0258	0.0258	0.0258	0.0258	0.0258	0.0258	0.0258	0.0258	0.0306	0.0258	0.0258
  Z	0.0259	0.026	0.0268	0.0268	0.0272	0.026	0.026	0.026	0.026	0.026	0.026	0.026	0.026	0.0305	0.0265	0.026	0.028	0.026	0.026	0.0267	0.028	0.026	0.026	0.026	0.026	0	0.026	0.0265	0.026	0.026	0.026	0.026	0.026	0.0356	0.026	0.026	0.026	0.026
  [	0.0314	0.0248	0.0248	0.0248	0.0248	0.0248	0.0248	0.0248	0.0248	0.0304	0.0323	0.0248	0.0323	0.0248	0.0248	0.0248	0.0248	0.0248	0.0248	0.0248	0.0248	0.0248	0.0248	0.0248	0.0248	0.0248	0	0.0248	0.0248	0.0248	0.0248	0.0248	0.0371	0.0248	0.0248	0.0248	0.0248	0.0304
  \	0.0254	0.0254	0.0264	0.0265	0.0437	0.0254	0.0254	0.0254	0.0254	0.0254	0.0254	0.0254	0.0254	0.0266	0.0351	0.0254	0.0259	0.0254	0.0254	0.0263	0.0259	0.0254	0.0254	0.0254	0.0254	0.0259	0.0254	0	0.0254	0.0254	0.0254	0.0254	0.0254	0.0259	0.0254	0.0254	0.0254	0.0254
  ]	0.0258	0.0258	0.0258	0.0271	0.0418	0.0258	0.0258	0.0358	0.0258	0.0258	0.0258	0.0258	0.0311	0.0258	0.0258	0.0258	0.0271	0.0258	0.0258	0.0258	0.0258	0.0258	0.0258	0.0258	0.0258	0.0258	0.0258	0.0258	0	0.0258	0.0258	0.0258	0.0387	0.0258	0.0258	0.0258	0.0258	0.0258
  ^	0.0254	0.0254	0.0254	0.0254	0.0381	0.0254	0.0254	0.0254	0.0254	0.0254	0.0254	0.0254	0.0254	0.0254	0.0254	0.0254	0.0254	0.0254	0.0254	0.0254	0.0254	0.0254	0.0254	0.0254	0.0254	0.0254	0.0254	0.0254	0.0254	0	0.0254	0.0254	0.0254	0.0254	0.0382	0.0254	0.0254	0.0254
  _	0.0257	0.0258	0.0258	0.0258	0.0313	0.0258	0.0258	0.0258	0.0258	0.0258	0.0258	0.0258	0.0258	0.0258	0.0258	0.0357	0.0258	0.0258	0.0299	0.0258	0.0258	0.0258	0.0258	0.0258	0.0258	0.0258	0.0258	0.0258	0.0258	0.0258	0	0.0258	0.0257	0.0258	0.0258	0.0258	0.0258	0.0258
  `	0.0255	0.0256	0.0256	0.0278	0.0362	0.0256	0.0256	0.0305	0.0256	0.0265	0.0256	0.0256	0.0326	0.0256	0.0256	0.0256	0.0256	0.0256	0.0256	0.0256	0.0256	0.0278	0.0256	0.0256	0.0256	0.0256	0.0256	0.0256	0.0256	0.0256	0.0256	0	0.0356	0.0256	0.0256	0.0256	0.0256	0.0256
  a	0.0352	0.0235	0.0235	0.0256	0.0314	0.0235	0.0246	0.0281	0.0353	0.0244	0.0235	0.0235	0.0235	0.0235	0.0353	0.0235	0.0235	0.026	0.0235	0.026	0.0235	0.0255	0.0235	0.0353	0.0235	0.0235	0.0353	0.0235	0.0353	0.0235	0.0235	0.0327	0	0.0235	0.0235	0.0235	0.0246	0.0291
  b	0.0259	0.026	0.0268	0.0268	0.0272	0.026	0.026	0.026	0.026	0.026	0.026	0.026	0.026	0.0305	0.0265	0.026	0.028	0.026	0.026	0.0267	0.028	0.026	0.026	0.026	0.026	0.0356	0.026	0.0265	0.026	0.026	0.026	0.026	0.026	0	0.026	0.026	0.026	0.026
  c	0.0261	0.0261	0.0261	0.0261	0.0348	0.0261	0.0261	0.0261	0.0261	0.0261	0.0261	0.0261	0.0261	0.0261	0.0261	0.0261	0.0261	0.0261	0.0261	0.0261	0.0261	0.0261	0.0261	0.0261	0.0261	0.0261	0.0261	0.0261	0.0261	0.0392	0.0261	0.0261	0.0261	0.0261	0	0.0348	0.0261	0.0261
  d	0.0252	0.0253	0.0253	0.0253	0.0558	0.0253	0.0253	0.0253	0.0253	0.0253	0.0253	0.03	0.0253	0.0253	0.0253	0.0253	0.0253	0.0253	0.0253	0.0253	0.0253	0.0253	0.0253	0.0253	0.03	0.0253	0.0253	0.0253	0.0253	0.0253	0.0253	0.0253	0.0253	0.0253	0.0337	0	0.0253	0.0253
  e	0.0259	0.026	0.026	0.026	0.0274	0.026	0.0355	0.026	0.026	0.0259	0.026	0.026	0.026	0.0259	0.026	0.026	0.026	0.0298	0.026	0.0298	0.026	0.026	0.026	0.026	0.026	0.026	0.0259	0.026	0.026	0.0259	0.026	0.026	0.0272	0.026	0.026	0.026	0	0.0271
  f	0.0287	0.0248	0.0248	0.0248	0.0315	0.0248	0.0259	0.0248	0.0248	0.0359	0.0248	0.0248	0.0248	0.0248	0.0248	0.0248	0.0248	0.0274	0.0248	0.0274	0.0248	0.0248	0.0248	0.0248	0.0248	0.0248	0.0304	0.0248	0.0248	0.0248	0.0248	0.0248	0.0306	0.0248	0.0248	0.0248	0.0259	0
